k	x	xAdaptive(1)	yAdaptive(1)	
0	0	5	
1	0.0001	5	
2	0.0301522	5	
3	0.430152	5.00041	
4	0.830152	5.00166	
5	1.23015	5.00371	
6	1.63015	5.00625	
7	2.03015	5.00876	
8	2.43015	5.01071	
9	2.83015	5.01185	
10	3.23015	5.0124	
11	3.63015	5.01308	
12	4.03015	5.01493	
13	4.43015	5.0189	
14	4.83015	5.02537	
15	5.23015	5.03375	
16	5.63015	5.04238	
17	6.03015	5.04874	
18	6.43015	5.05006	
19	6.83015	5.04418	
20	7.23015	5.03036	
21	7.63015	5.00976	
22	8.03015	4.98551	
23	8.43015	4.96203	
24	8.83015	4.94389	
25	9.23015	4.93443	
26	9.63015	4.93448	
27	10.0302	4.94167	
28	10.4302	4.9506	
29	10.8302	4.95395	
30	11.2302	4.94433	
31	11.6302	4.91642	
32	12.0302	4.86884	
33	12.4302	4.80513	
34	12.8302	4.73344	
35	13.2302	4.66493	
36	13.6302	4.61104	
37	14.0302	4.58045	
38	14.4302	4.57641	
39	14.8302	4.5953	
40	15.2302	4.62697	
41	15.6302	4.65689	
42	16.0302	4.66977	
43	16.4302	4.65371	
44	16.8302	4.60386	
45	17.2302	4.52452	
46	17.6302	4.42894	
47	18.0302	4.33665	
48	18.4302	4.2689	
49	18.8302	4.24323	
50	19.2302	4.26857	
51	19.6302	4.34224	
52	20.0302	4.44979	
53	20.4302	4.568	
54	20.8302	4.67039	
55	21.2302	4.73399	
56	21.6302	4.74569	
57	22.0302	4.7064	
58	22.4302	4.63178	
59	22.8302	4.54912	
60	23.2302	4.49097	
61	23.6302	4.48696	
62	24.0302	4.55582	
63	24.4302	4.69979	
64	24.8302	4.90299	
65	25.2302	5.13443	
66	25.6302	5.35502	
67	26.0302	5.52722	
68	26.4302	5.62466	
69	26.8302	5.63946	
70	27.2302	5.58509	
71	27.6302	5.4938	
72	28.0302	5.40912	
73	28.4302	5.37502	
74	28.8302	5.42446	
75	29.2302	5.57021	
76	29.6302	5.80052	
77	30.0302	6.08083	
78	30.4302	6.3615	
79	30.8302	6.58971	
80	31.2302	6.72265	
81	31.6302	6.73876	
82	32.0302	6.64388	
83	32.4302	6.47068	
84	32.8302	6.27118	
85	33.2302	6.10405	
86	33.6302	6.01979	
87	34.0302	6.04747	
88	34.4302	6.18647	
89	34.8302	6.40563	
90	35.2302	6.6501	
91	35.6302	6.85448	
92	36.0302	6.95909	
93	36.4302	6.9253	
94	36.8302	6.74592	
95	37.2302	6.44798	
96	37.6302	6.08687	
97	38.0292	5.73383	
98	38.4292	5.45546	
99	38.8292	5.30148	
100	39.2292	5.28864	
101	39.6292	5.39665	
102	40.0292	5.57266	
103	40.4247	5.74236	
104	40.8176	5.83532	
105	41.2176	5.79592	
106	41.6176	5.59554	
107	42.0176	5.24739	
108	42.4176	4.80157	
109	42.8117	4.33999	
110	43.1983	3.94207	
111	43.5976	3.65518	
112	43.9976	3.53309	
113	44.3976	3.57611	
114	44.7976	3.74329	
115	45.1933	3.96078	
116	45.5765	4.14342	
117	45.9656	4.23059	
118	46.3656	4.16859	
119	46.7656	3.94202	
120	47.1656	3.58278	
121	47.5656	3.15853	
122	47.9481	2.77213	
123	48.33	2.48079	
124	48.73	2.33691	
125	49.13	2.38363	
126	49.53	2.60283	
127	49.93	2.93606	
128	50.3138	3.28484	
129	50.6916	3.57788	
130	51.0847	3.76269	
131	51.4847	3.78587	
132	51.8847	3.64586	
133	52.2847	3.38897	
134	52.6731	3.10173	
135	53.0499	2.86669	
136	53.4343	2.74275	
137	53.8343	2.78839	
138	54.2343	3.02387	
139	54.6343	3.41625	
140	55.0312	3.89162	
141	55.4106	4.34518	
142	55.7904	4.72163	
143	56.1904	4.97223	
144	56.5904	5.04537	
145	56.9904	4.95727	
146	57.3904	4.76461	
147	57.7743	4.55793	
148	58.153	4.41008	
149	58.5483	4.38176	
150	58.9483	4.52235	
151	59.3483	4.83004	
152	59.7483	5.2596	
153	60.1391	5.72429	
154	60.5198	6.14109	
155	60.9098	6.45958	
156	61.3098	6.62272	
157	61.7098	6.60831	
158	62.1098	6.44629	
159	62.5098	6.2007	
160	62.8958	5.96103	
161	63.2849	5.78977	
162	63.6849	5.74283	
163	64.0849	5.84886	
164	64.4849	6.08987	
165	64.8849	6.41246	
166	65.2768	6.73553	
167	65.6679	6.9917	
168	66.0679	7.12534	
169	66.4679	7.09881	
170	66.8679	6.91926	
171	67.2679	6.62924	
172	67.6679	6.29547	
173	68.0641	5.99435	
174	68.4641	5.78246	
175	68.8641	5.69972	
176	69.2641	5.74855	
177	69.6641	5.89748	
178	70.0641	6.09008	
179	70.4641	6.25974	
180	70.8641	6.34663	
181	71.2641	6.31241	
182	71.6641	6.14916	
183	72.0641	5.88053	
184	72.4641	5.55497	
185	72.8641	5.23307	
186	73.2641	4.97238	
187	73.6641	4.81345	
188	74.0641	4.77062	
189	74.4641	4.82969	
190	74.8641	4.95265	
191	75.2641	5.08821	
192	75.6641	5.18505	
193	76.0641	5.20461	
194	76.4641	5.1301	
195	76.8641	4.9697	
196	77.2641	4.75341	
197	77.6641	4.52471	
198	78.0641	4.32915	
199	78.4641	4.20309	
200	78.8641	4.16523	
201	79.2641	4.21293	
202	79.6641	4.3241	
203	80.0641	4.46363	
204	80.4641	4.59286	
205	80.8641	4.6792	
206	81.2641	4.70378	
207	81.6641	4.66514	
208	82.0641	4.57841	
209	82.4641	4.47039	
210	82.8641	4.37204	
211	83.2641	4.3105	
212	83.6641	4.30255	
213	84.0641	4.35118	
214	84.4641	4.44578	
215	84.8641	4.5658	
216	85.2641	4.68649	
217	85.6641	4.78533	
218	86.0641	4.8473	
219	86.4641	4.86788	
220	86.8641	4.85311	
221	87.2641	4.81701	
222	87.6641	4.7773	
223	88.0641	4.75049	
224	88.4641	4.74786	
225	88.8641	4.77316	
226	89.2641	4.82243	
227	89.6641	4.88589	
228	90.0641	4.95101	
229	90.4641	5.00603	
230	90.8641	5.04279	
231	91.2641	5.05838	
232	91.6641	5.05512	
233	92.0641	5.03928	
234	92.4641	5.01884	
235	92.8641	5.00125	
236	93.2641	4.99152	
237	93.6641	4.9914	
238	94.0641	4.99945	
239	94.4641	5.0121	
240	94.8641	5.02501	
241	95.2641	5.03452	
242	95.6641	5.03853	
243	96.0641	5.03686	
244	96.4641	5.0309	
245	96.8641	5.02286	
246	97.2641	5.01494	
247	97.6641	5.00864	
248	98.0641	5.00453	
249	98.4641	5.0023	
250	98.8641	5.00124	
251	99.2641	5.00063	
252	99.6641	5.00018	
253	100	5	
